184
185
287
373
271
192
147
381
332
384
403
141
359
207
82
383
349
268
432
232
445
493
449
264
324
265
32
270
431
246
311
65
179
105
208
242
175
86
145
231
297
83
387
410
55
466
498
146
296
137
39
66
436
165
90
212
27
153
452
415
295
426
78
93
136
7
72
47
486
331
48
64
433
97
385
94
285
144
5
461
316
414
400
117
307
156
150
249
419
59
412
312
214
460
138
424
213
354
226
490
340
435
458
8
423
178
365
31
473
54
125
404
322
230
17
237
450
122
482
369
386
203
140
263
257
309
40
286
69
151
393
124
457
129
50
260
439
368
120
118
236
157
430
100
284
233
417
434
49
364
75
36
58
223
471
389
301
497
440
245
366
250
398
377
33
283
396
18
395
24
321
91
221
229
6
302
196
425
437
68
337
319
190
454
371