32416185031
32416185643
32416186267
32416186949
32416185071
32416185649
32416186301
32416186963
32416185079
32416185653
32416186307
32416187003
32416185083
32416185673
32416186373
32416187017
32416185091
32416185721
32416186379
32416187039
32416185161
32416185727
32416186447
32416187059
32416185187
32416185751
32416186469
32416187077
32416185233
32416185793
32416186487
32416187099
32416185281
32416185811
32416186541
32416187117
32416185283
32416185829
32416186567
32416187119
32416185301
32416185833
32416186589
32416187161
32416185317
32416185889
32416186601
32416187171
32416185331
32416186027
32416186613
32416187183
32416185341
32416186057
32416186657
32416187191
32416185343
32416186067
32416186709
32416187239
32416185353
32416186073
32416186723
32416187273
32416185371
32416186087
32416186727
32416187317
32416185397
32416186093
32416186753
32416187347
32416185443
32416186147
32416186807
32416187357
32416185449
32416186157
32416186811
32416187369
32416185491
32416186169
32416186837
32416187383
32416185499
32416186171
32416186877
32416187393
32416185509
32416186219
32416186879
32416187417
32416185539
32416186241
32416186897
32416187509
32416185547
32416186259
32416186931
32416187563